10107
10144
10150
10287
10386
10395
10396
10400
10456
10736
10785
10859
10863
10902
10919
11011
11217
11457
11936
16193
17651
17975
19506
20094
20811
21643
22964
23974
24260
24269
24270
24272
33139
33545
34096
34220
34252
35297
35716
38153
38689
42410
43111
44401
44871
45410
45411
45590
46180
48204
48337
48763
48942
50859
51192
51351
52001
54615
55472
55532
55958
56468
56984
57033
57041
57323
57582
58181
58452
62042
63080
63620
64582
65739
65743
65791
66334
66424
69482
70329
70331
70544
71246
72367
72482
72684
72879
84239
84502
84821
85736
86420
91263
92364
92365
92366
92367
92368
92369
92370
92371
92373
92415
92418
92421
92423
92424
92426
92428
92429
92430
92431
92433
92434
92435
92438
92439
93962
94761
99364
100871
103871
105793
106658
106716
108761
110095
117530
117887
118095
125835
126527
131023
136318
138330
139785
140578
140633
141118
141262
148499
148541
151440
155963
156899
159817
159929
160301
160486
161455
161502
161691
162174
162560
164690
166602
168149
168980
170631
171410
171860
171956
174413
174736
10674
71462
92372
174405
25220
60119
64567
156001
156032
12053
42981
83298
142960
172180
117885
11154
136969
21608
73756
149334
11219
100158
42822
39520
70657
10267
10881
157358
94470
97993
95928
34098
58409
11153
104670
104740
153953
153588
21745
19689
25221
14272
90707
110483
152743
45432
35351
33276
147817
141394
45433
159488
25203
11935
51891
104743
121010
50845
157288
56877
97861
10884
164819
122501
55932
12634
117886
10437
11111
29700
42256
42823
53335
57608
110723
135860
10302
30215
76940
50350
47761
118237
130175
141263
142640
151883
156000
168007
171351
174788
58987
10052
110385
48243
102094
22869
106203
10092
71049
150799
25202
45405
170170
168982
55817
11422
140655
69551
122546
139615
64784
24018
62563
69475
163719
49069
95631
50346
128052
11819
31422
42263
10281
104410
177514
131566
132771
15901
33851
47619
74286
81814
83303
133964
148373
149983
163460
165456
152742
104498
64815
71463
64816
44657
90603
148374
22227
65914
163459
64814
151209
132675
91000
90999
91947
39446
121516
26928
71642
178011
71637
178102
176212
66696
62564
87242
133723
100669
99234
67217
106375
72582
11026
70122
91486
62695
110267
21642
20007
99233
47864
11907
91731
122364
148367
121575
10335
10394
10940
179947
182252
181418
178771
178772
179200
182774
91459
10800
35296
40448
138014
159575
182848
160576
187318
185519
186361
186696
